1000; 0.013000
2000; 0.033000
3000; 0.046000
4000; 0.059000
5000; 0.074000
6000; 0.086000
7000; 0.099000
8000; 0.111000
9000; 0.134000
10000; 0.146000
11000; 0.159000
12000; 0.171000
13000; 0.184000
14000; 0.196000
15000; 0.209000
16000; 0.221000
17000; 0.296000
18000; 0.309000
19000; 0.322000
20000; 0.334000
21000; 0.347000
22000; 0.359000
23000; 0.371000
24000; 0.384000
25000; 0.396000
26000; 0.408000
27000; 0.421000
28000; 0.433000
29000; 0.445000
30000; 0.458000
31000; 0.470000
32000; 0.483000
33000; 0.660000
34000; 0.673000
35000; 0.686000
36000; 0.698000
37000; 0.710000
38000; 0.723000
39000; 0.735000
40000; 0.748000
41000; 0.760000
42000; 0.773000
43000; 0.785000
44000; 0.798000
45000; 0.810000
46000; 0.822000
47000; 0.835000
48000; 0.847000
49000; 0.859000
50000; 0.872000
51000; 0.884000
52000; 0.896000
53000; 0.909000
54000; 0.921000
55000; 0.933000
56000; 0.946000
57000; 0.958000
58000; 0.970000
59000; 0.983000
60000; 0.995000
61000; 1.008000
62000; 1.020000
63000; 1.032000
64000; 1.045000
65000; 1.057000
66000; 1.405000
67000; 1.418000
68000; 1.431000
69000; 1.443000
70000; 1.455000
71000; 1.468000
72000; 1.480000
73000; 1.492000
74000; 1.505000
75000; 1.517000
76000; 1.529000
77000; 1.542000
78000; 1.554000
79000; 1.566000
80000; 1.579000
81000; 1.591000
82000; 1.603000
83000; 1.616000
84000; 1.628000
85000; 1.640000
86000; 1.653000
87000; 1.665000
88000; 1.677000
89000; 1.690000
90000; 1.702000
91000; 1.714000
92000; 1.727000
93000; 1.739000
94000; 1.751000
95000; 1.764000
96000; 1.776000
97000; 1.788000
98000; 1.801000
99000; 1.813000
100000; 1.825000
101000; 1.838000
102000; 1.850000
103000; 1.862000
104000; 1.875000
105000; 1.887000
106000; 1.899000
107000; 1.912000
108000; 1.924000
109000; 1.936000
110000; 1.949000
111000; 1.961000
112000; 1.973000
113000; 1.986000
114000; 1.998000
115000; 2.010000
116000; 2.022000
117000; 2.036000
118000; 2.048000
119000; 2.060000
120000; 2.073000
121000; 2.085000
122000; 2.098000
123000; 2.110000
124000; 2.123000
125000; 2.135000
126000; 2.147000
127000; 2.160000
128000; 2.172000
129000; 2.184000
130000; 2.197000
131000; 2.908000
132000; 2.921000
133000; 2.934000
134000; 2.946000
135000; 2.958000
136000; 2.971000
137000; 2.983000
138000; 2.995000
139000; 3.008000
140000; 3.020000
141000; 3.032000
142000; 3.045000
143000; 3.057000
144000; 3.069000
145000; 3.082000
146000; 3.094000
147000; 3.106000
148000; 3.118000
149000; 3.131000
150000; 3.143000
151000; 3.155000
152000; 3.168000
153000; 3.180000
154000; 3.192000
155000; 3.205000
156000; 3.217000
157000; 3.229000
158000; 3.242000
159000; 3.254000
160000; 3.267000
161000; 3.279000
162000; 3.292000
163000; 3.304000
164000; 3.317000
165000; 3.329000
166000; 3.342000
167000; 3.354000
168000; 3.366000
169000; 3.379000
170000; 3.391000
171000; 3.403000
172000; 3.416000
173000; 3.428000
174000; 3.441000
175000; 3.453000
176000; 3.466000
177000; 3.478000
178000; 3.491000
179000; 3.503000
180000; 3.516000
181000; 3.528000
182000; 3.541000
183000; 3.553000
184000; 3.565000
185000; 3.578000
186000; 3.590000
187000; 3.603000
188000; 3.615000
189000; 3.628000
190000; 3.640000
191000; 3.653000
192000; 3.665000
193000; 3.677000
194000; 3.690000
195000; 3.707000
196000; 3.719000
197000; 3.731000
198000; 3.744000
199000; 3.756000
200000; 3.768000
201000; 3.781000
202000; 3.794000
203000; 3.806000
204000; 3.818000
205000; 3.831000
206000; 3.843000
207000; 3.856000
208000; 3.868000
209000; 3.881000
210000; 3.895000
211000; 3.908000
212000; 3.921000
213000; 3.933000
214000; 3.946000
215000; 3.958000
216000; 3.970000
217000; 3.983000
218000; 3.995000
219000; 4.008000
220000; 4.020000
221000; 4.032000
222000; 4.045000
223000; 4.057000
224000; 4.069000
225000; 4.082000
226000; 4.094000
227000; 4.107000
228000; 4.119000
229000; 4.132000
230000; 4.144000
231000; 4.157000
232000; 4.169000
233000; 4.181000
234000; 4.194000
235000; 4.206000
236000; 4.218000
237000; 4.231000
238000; 4.243000
239000; 4.256000
240000; 4.269000
241000; 4.281000
242000; 4.294000
243000; 4.306000
244000; 4.318000
245000; 4.331000
246000; 4.343000
247000; 4.355000
248000; 4.368000
249000; 4.412000
250000; 4.425000
251000; 4.437000
252000; 4.450000
253000; 4.462000
254000; 4.474000
255000; 4.487000
256000; 4.499000
257000; 4.511000
258000; 4.524000
259000; 4.536000
260000; 4.548000
261000; 4.561000
262000; 4.846000
263000; 4.859000
264000; 4.871000
265000; 4.883000
266000; 4.896000
267000; 4.908000
268000; 4.920000
269000; 4.933000
270000; 4.945000
271000; 4.958000
272000; 4.970000
273000; 4.982000
274000; 4.995000
275000; 5.007000
276000; 5.019000
277000; 5.031000
278000; 5.044000
279000; 5.056000
280000; 5.069000
281000; 5.081000
282000; 5.093000
283000; 5.106000
284000; 5.118000
285000; 5.130000
286000; 5.143000
287000; 5.155000
288000; 5.167000
289000; 5.180000
290000; 5.192000
291000; 5.204000
292000; 5.217000
293000; 5.229000
294000; 5.242000
295000; 5.254000
296000; 5.266000
297000; 5.279000
298000; 5.292000
299000; 5.305000
300000; 5.317000
301000; 5.329000
302000; 5.342000
303000; 5.354000
304000; 5.366000
305000; 5.379000
306000; 5.391000
307000; 5.404000
308000; 5.416000
309000; 5.428000
310000; 5.441000
311000; 5.453000
312000; 5.465000
313000; 5.478000
314000; 5.490000
315000; 5.502000
316000; 5.515000
317000; 5.527000
318000; 5.540000
319000; 5.552000
320000; 5.564000
321000; 5.577000
322000; 5.589000
323000; 5.602000
324000; 5.614000
325000; 5.626000
326000; 5.639000
327000; 5.651000
328000; 5.664000
329000; 5.676000
330000; 5.688000
331000; 5.701000
332000; 5.713000
333000; 5.726000
334000; 5.738000
335000; 5.750000
336000; 5.763000
337000; 5.775000
338000; 5.787000
339000; 5.800000
340000; 5.812000
341000; 5.824000
342000; 5.837000
343000; 5.849000
344000; 5.861000
345000; 5.874000
346000; 5.886000
347000; 5.899000
348000; 5.911000
349000; 5.923000
350000; 5.936000
351000; 5.948000
352000; 5.961000
353000; 5.973000
354000; 5.985000
355000; 5.998000
356000; 6.010000
357000; 6.022000
358000; 6.035000
359000; 6.047000
360000; 6.060000
361000; 6.072000
362000; 6.084000
363000; 6.097000
364000; 6.109000
365000; 6.121000
366000; 6.134000
367000; 6.146000
368000; 6.158000
369000; 6.171000
370000; 6.183000
371000; 6.196000
372000; 6.208000
373000; 6.220000
374000; 6.233000
375000; 6.246000
376000; 6.258000
377000; 6.270000
378000; 6.283000
379000; 6.295000
380000; 6.307000
381000; 6.320000
382000; 6.332000
383000; 6.345000
384000; 6.357000
385000; 6.369000
386000; 6.382000
387000; 6.394000
388000; 6.406000
389000; 6.419000
390000; 6.431000
391000; 6.443000
392000; 6.456000
393000; 6.468000
394000; 6.480000
395000; 6.493000
396000; 6.505000
397000; 6.518000
398000; 6.530000
399000; 6.547000
400000; 6.560000
401000; 6.572000
402000; 6.584000
403000; 6.597000
404000; 6.609000
405000; 6.621000
406000; 6.633000
407000; 6.646000
408000; 6.658000
409000; 6.670000
410000; 6.683000
411000; 6.695000
412000; 6.707000
413000; 6.720000
414000; 6.732000
415000; 6.744000
416000; 6.757000
417000; 6.769000
418000; 6.781000
419000; 6.794000
420000; 6.806000
421000; 6.819000
422000; 6.831000
423000; 6.843000
424000; 6.856000
425000; 6.868000
426000; 6.880000
427000; 6.893000
428000; 6.905000
429000; 6.917000
430000; 6.930000
431000; 6.942000
432000; 6.954000
433000; 6.967000
434000; 6.979000
435000; 6.991000
436000; 7.004000
437000; 7.016000
438000; 7.028000
439000; 7.041000
440000; 7.053000
441000; 7.065000
442000; 7.078000
443000; 7.090000
444000; 7.102000
445000; 7.115000
446000; 7.127000
447000; 7.139000
448000; 7.152000
449000; 7.164000
450000; 7.176000
451000; 7.189000
452000; 7.201000
453000; 7.213000
454000; 7.226000
455000; 7.238000
456000; 7.251000
457000; 7.263000
458000; 7.276000
459000; 7.288000
460000; 7.300000
461000; 7.313000
462000; 7.325000
463000; 7.337000
464000; 7.350000
465000; 7.362000
466000; 7.374000
467000; 7.387000
468000; 7.399000
469000; 7.411000
470000; 7.424000
471000; 7.436000
472000; 7.449000
473000; 7.461000
474000; 7.473000
475000; 7.486000
476000; 7.498000
477000; 7.510000
478000; 7.523000
479000; 7.535000
480000; 7.547000
481000; 7.560000
482000; 7.572000
483000; 7.585000
484000; 7.597000
485000; 7.610000
486000; 7.622000
487000; 7.634000
488000; 7.647000
489000; 7.659000
490000; 7.685000
491000; 7.697000
492000; 7.710000
493000; 7.722000
494000; 7.734000
495000; 7.747000
496000; 7.759000
497000; 7.771000
498000; 7.784000
499000; 7.796000
500000; 7.808000
501000; 7.821000
502000; 7.833000
503000; 7.845000
504000; 7.858000
505000; 7.870000
506000; 7.882000
507000; 7.895000
508000; 7.907000
509000; 7.919000
510000; 7.931000
511000; 7.944000
512000; 7.956000
513000; 7.968000
514000; 7.981000
515000; 7.993000
516000; 8.005000
517000; 8.018000
518000; 8.030000
519000; 8.043000
520000; 8.055000
521000; 8.067000
522000; 8.080000
523000; 8.092000
524000; 8.200000
525000; 8.216000
526000; 8.230000
527000; 8.245000
528000; 8.260000
529000; 8.275000
530000; 8.290000
531000; 8.319000
532000; 8.334000
533000; 8.349000
534000; 8.363000
535000; 8.379000
536000; 8.393000
537000; 8.408000
538000; 8.423000
539000; 8.438000
540000; 8.452000
541000; 8.467000
542000; 8.482000
543000; 8.497000
544000; 8.512000
545000; 8.526000
546000; 8.543000
547000; 8.558000
548000; 8.573000
549000; 8.588000
550000; 8.603000
551000; 8.618000
552000; 8.632000
553000; 8.647000
554000; 8.662000
555000; 8.677000
556000; 8.692000
557000; 8.707000
558000; 8.722000
559000; 8.737000
560000; 8.752000
561000; 8.768000
562000; 8.783000
563000; 8.798000
564000; 8.811000
565000; 8.826000
566000; 8.840000
567000; 8.855000
568000; 8.870000
569000; 8.885000
570000; 8.899000
571000; 8.914000
572000; 8.929000
573000; 8.944000
574000; 8.958000
575000; 8.973000
576000; 8.988000
577000; 9.005000
578000; 9.020000
579000; 9.034000
580000; 9.049000
581000; 9.064000
582000; 9.079000
583000; 9.094000
584000; 9.109000
585000; 9.123000
586000; 9.138000
587000; 9.153000
588000; 9.168000
589000; 9.182000
590000; 9.197000
591000; 9.212000
592000; 9.229000
593000; 9.244000
594000; 9.259000
595000; 9.285000
596000; 9.300000
597000; 9.315000
598000; 9.330000
599000; 9.345000
600000; 9.360000
601000; 9.375000
602000; 9.390000
603000; 9.405000
604000; 9.420000
605000; 9.435000
606000; 9.449000
607000; 9.466000
608000; 9.479000
609000; 9.494000
610000; 9.509000
611000; 9.523000
612000; 9.538000
613000; 9.553000
614000; 9.568000
615000; 9.583000
616000; 9.598000
617000; 9.613000
618000; 9.628000
619000; 9.643000
620000; 9.657000
621000; 9.672000
622000; 9.687000
623000; 9.705000
624000; 9.720000
625000; 9.734000
626000; 9.749000
627000; 9.764000
628000; 9.779000
629000; 9.794000
630000; 9.809000
631000; 9.824000
632000; 9.838000
633000; 9.853000
634000; 9.868000
635000; 9.883000
636000; 9.897000
637000; 9.912000
638000; 9.929000
639000; 9.944000
640000; 9.959000
641000; 9.974000
642000; 9.988000
643000; 10.003000
644000; 10.018000
645000; 10.033000
646000; 10.049000
647000; 10.063000
648000; 10.078000
649000; 10.093000
650000; 10.108000
651000; 10.123000
652000; 10.138000
653000; 10.151000
654000; 10.168000
655000; 10.182000
656000; 10.197000
657000; 10.212000
658000; 10.227000
659000; 10.242000
660000; 10.269000
661000; 10.284000
662000; 10.299000
663000; 10.313000
664000; 10.328000
665000; 10.343000
666000; 10.358000
667000; 10.373000
668000; 10.388000
669000; 10.406000
670000; 10.420000
671000; 10.435000
672000; 10.450000
673000; 10.465000
674000; 10.480000
675000; 10.495000
676000; 10.510000
677000; 10.525000
678000; 10.545000
679000; 10.561000
680000; 10.579000
681000; 10.594000
682000; 10.609000
683000; 10.623000
684000; 10.640000
685000; 10.655000
686000; 10.670000
687000; 10.685000
688000; 10.700000
689000; 10.715000
690000; 10.730000
691000; 10.745000
692000; 10.759000
693000; 10.775000
694000; 10.790000
695000; 10.804000
696000; 10.819000
697000; 10.832000
698000; 10.847000
699000; 10.861000
700000; 10.878000
701000; 10.893000
702000; 10.908000
703000; 10.923000
704000; 10.938000
705000; 10.953000
706000; 10.968000
707000; 10.983000
708000; 10.998000
709000; 11.013000
710000; 11.028000
711000; 11.043000
712000; 11.058000
713000; 11.073000
714000; 11.088000
715000; 11.106000
716000; 11.121000
717000; 11.136000
718000; 11.151000
719000; 11.166000
720000; 11.181000
721000; 11.196000
722000; 11.211000
723000; 11.227000
724000; 11.260000
725000; 11.274000
726000; 11.300000
727000; 11.315000
728000; 11.330000
729000; 11.347000
730000; 11.362000
731000; 11.377000
732000; 11.392000
733000; 11.409000
734000; 11.425000
735000; 11.441000
736000; 11.456000
737000; 11.471000
738000; 11.486000
739000; 11.501000
740000; 11.516000
741000; 11.533000
742000; 11.545000
743000; 11.561000
744000; 11.575000
745000; 11.594000
746000; 11.611000
747000; 11.627000
748000; 11.644000
749000; 11.659000
750000; 11.674000
751000; 11.690000
752000; 11.706000
753000; 11.721000
754000; 11.736000
755000; 11.750000
756000; 11.765000
757000; 11.780000
758000; 11.795000
759000; 11.810000
760000; 11.827000
761000; 11.842000
762000; 11.857000
763000; 11.872000
764000; 11.887000
765000; 11.902000
766000; 11.917000
767000; 11.932000
768000; 11.947000
769000; 11.962000
770000; 11.976000
771000; 11.991000
772000; 12.006000
773000; 12.021000
774000; 12.036000
775000; 12.053000
776000; 12.068000
777000; 12.083000
778000; 12.098000
779000; 12.113000
780000; 12.128000
781000; 12.143000
782000; 12.157000
783000; 12.172000
784000; 12.187000
785000; 12.202000
786000; 12.215000
787000; 12.230000
788000; 12.256000
789000; 12.271000
790000; 12.286000
791000; 12.303000
792000; 12.318000
793000; 12.333000
794000; 12.348000
795000; 12.363000
796000; 12.378000
797000; 12.395000
798000; 12.410000
799000; 12.425000
800000; 12.440000
801000; 12.457000
802000; 12.472000
803000; 12.487000
804000; 12.502000
805000; 12.517000
806000; 12.535000
807000; 12.550000
808000; 12.565000
809000; 12.580000
810000; 12.595000
811000; 12.610000
812000; 12.625000
813000; 12.640000
814000; 12.656000
815000; 12.671000
816000; 12.686000
817000; 12.701000
818000; 12.716000
819000; 12.732000
820000; 12.747000
821000; 12.765000
822000; 12.781000
823000; 12.796000
824000; 12.811000
825000; 12.826000
826000; 12.841000
827000; 12.856000
828000; 12.871000
829000; 12.886000
830000; 12.901000
831000; 12.914000
832000; 12.929000
833000; 12.944000
834000; 12.959000
835000; 12.974000
836000; 12.989000
837000; 13.006000
838000; 13.021000
839000; 13.037000
840000; 13.051000
841000; 13.066000
842000; 13.082000
843000; 13.096000
844000; 13.111000
845000; 13.126000
846000; 13.141000
847000; 13.156000
848000; 13.171000
849000; 13.186000
850000; 13.201000
851000; 13.216000
852000; 13.245000
853000; 13.260000
854000; 13.275000
855000; 13.289000
856000; 13.304000
857000; 13.319000
858000; 13.335000
859000; 13.350000
860000; 13.365000
861000; 13.381000
862000; 13.396000
863000; 13.411000
864000; 13.427000
865000; 13.442000
866000; 13.458000
867000; 13.475000
868000; 13.490000
869000; 13.506000
870000; 13.521000
871000; 13.537000
872000; 13.552000
873000; 13.568000
874000; 13.583000
875000; 13.596000
876000; 13.610000
877000; 13.625000
878000; 13.640000
879000; 13.656000
880000; 13.671000
881000; 13.686000
882000; 13.702000
883000; 13.720000
884000; 13.736000
885000; 13.752000
886000; 13.768000
887000; 13.784000
888000; 13.799000
889000; 13.814000
890000; 13.830000
891000; 13.845000
892000; 13.861000
893000; 13.877000
894000; 13.892000
895000; 13.908000
896000; 13.924000
897000; 13.941000
898000; 13.958000
899000; 13.974000
900000; 13.989000
901000; 14.005000
902000; 14.020000
903000; 14.036000
904000; 14.052000
905000; 14.068000
906000; 14.084000
907000; 14.099000
908000; 14.115000
909000; 14.132000
910000; 14.148000
911000; 14.164000
912000; 14.179000
913000; 14.197000
914000; 14.213000
915000; 14.228000
916000; 14.255000
917000; 14.272000
918000; 14.288000
919000; 14.304000
920000; 14.316000
921000; 14.331000
922000; 14.346000
923000; 14.361000
924000; 14.376000
925000; 14.391000
926000; 14.406000
927000; 14.421000
928000; 14.436000
929000; 14.454000
930000; 14.469000
931000; 14.484000
932000; 14.499000
933000; 14.514000
934000; 14.529000
935000; 14.548000
936000; 14.564000
937000; 14.579000
938000; 14.593000
939000; 14.609000
940000; 14.624000
941000; 14.639000
942000; 14.654000
943000; 14.669000
944000; 14.686000
945000; 14.701000
946000; 14.716000
947000; 14.731000
948000; 14.746000
949000; 14.761000
950000; 14.776000
951000; 14.791000
952000; 14.807000
953000; 14.832000
954000; 14.847000
955000; 14.862000
956000; 14.876000
957000; 14.891000
958000; 14.909000
959000; 14.924000
960000; 14.939000
961000; 14.954000
962000; 14.969000
963000; 14.984000
964000; 14.996000
965000; 15.011000
966000; 15.026000
967000; 15.041000
968000; 15.056000
969000; 15.071000
970000; 15.086000
971000; 15.101000
972000; 15.116000
973000; 15.131000
974000; 15.148000
975000; 15.163000
976000; 15.178000
977000; 15.193000
978000; 15.208000
979000; 15.223000
980000; 15.251000
981000; 15.266000
982000; 15.281000
983000; 15.296000
984000; 15.310000
985000; 15.325000
986000; 15.341000
987000; 15.356000
988000; 15.371000
989000; 15.388000
990000; 15.403000
991000; 15.418000
992000; 15.433000
993000; 15.448000
994000; 15.463000
995000; 15.478000
996000; 15.493000
997000; 15.508000
998000; 15.523000
999000; 15.538000
1000000; 15.553000
